*** The root_attr:  [u'datasource_name', u'element_names', u'xyz_max', u'xyz_min', u'stride_to_align', u'block_step', u'block_stride', u'block_dims_N', u'xyz_min_aligned', u'xyz_max_aligned', u'xyz_scope_aligned', u'total_row_N', u'total_block_N']
datasource_name:MATTERPORT
element_names:['label_material' 'label_instance' 'label_category' 'color' 'nxnynz' 'xyz']
xyz_max:[-6.57113791  5.03579426  2.57250714]
xyz_min:[-11.16023159   0.44287932  -0.022031  ]
stride_to_align:0.1
block_step:[ 0.1  0.1  0.1]
block_stride:[ 0.1  0.1  0.1]
block_dims_N:[47 47 28]
xyz_min_aligned:[-11.2   0.4  -0.2]
xyz_max_aligned:[-6.5  5.1  2.6]
xyz_scope_aligned:[ 4.7  4.7  2.8]
total_row_N:195462
total_block_N:10929


*** The datasets
# dataset 0:  10019   shape= (12, 12)
i_xyz  =  [ 7 28 23]
xyz_min  =  [-10.5   3.2   2.1]
xyz_max  =  [-10.4   3.3   2.2]
valid_num  =  12
[[ -1.04747753e+01   3.29904509e+00   2.11679649e+00   9.70952169e-05
   -2.54607480e-02  -9.99675810e-01   1.11000000e+02   1.27000000e+02
    1.45000000e+02   3.00000000e+00   2.00000000e+01   3.00000000e+00]
 [ -1.04632807e+01   3.21671104e+00   2.11800909e+00   2.51388121e-02
    6.81191450e-03  -9.99660790e-01   1.18000000e+02   1.29000000e+02
    1.46000000e+02   3.00000000e+00   2.00000000e+01   3.00000000e+00]]
[ -1.04508829e+01   3.28967929e+00   2.11764288e+00   5.77082485e-03
  -4.02917378e-02  -9.99171317e-01   1.12000000e+02   1.26000000e+02
   1.43000000e+02   3.00000000e+00   2.00000000e+01   3.00000000e+00]


# dataset 1:  10025   shape= (9, 12)
i_xyz  =  [ 7 29  1]
xyz_min  =  [-10.5   3.3  -0.1]
xyz_max  =  [-10.4   3.4   0. ]
valid_num  =  9
[[ -1.04889069e+01   3.31502056e+00  -1.28425136e-02  -2.69199647e-02
    2.53231525e-02   9.99316812e-01   1.07000000e+02   1.04000000e+02
    1.02000000e+02   4.00000000e+00   1.90000000e+01   4.00000000e+00]
 [ -1.04661798e+01   3.32763124e+00  -1.20133106e-02  -2.71290503e-02
    1.68897379e-02   9.99489248e-01   1.09000000e+02   1.04000000e+02
    1.02000000e+02   4.00000000e+00   1.90000000e+01   4.00000000e+00]]
[ -1.04121113e+01   3.39492679e+00  -1.16283437e-02  -4.06399257e-02
   3.57824415e-02   9.98532951e-01   1.05000000e+02   1.00000000e+02
   9.60000000e+01   4.00000000e+00   1.90000000e+01   4.00000000e+00]


# dataset 2:  10047   shape= (10, 12)
i_xyz  =  [ 7 29 23]
xyz_min  =  [-10.5   3.3   2.1]
xyz_max  =  [-10.4   3.4   2.2]
valid_num  =  10
[[ -1.04360619e+01   3.35312343e+00   2.11110377e+00  -1.39320856e-02
   -4.21526134e-02  -9.99014020e-01   1.10000000e+02   1.26000000e+02
    1.33000000e+02   3.00000000e+00   2.00000000e+01   3.00000000e+00]
 [ -1.04526529e+01   3.37524962e+00   2.11064482e+00  -1.41642464e-03
    1.05350399e-02  -9.99943495e-01   1.10000000e+02   1.27000000e+02
    1.35000000e+02   3.00000000e+00   2.00000000e+01   3.00000000e+00]]
[ -1.04029036e+01   3.37708926e+00   2.10997295e+00  -5.89034781e-02
  -2.15870026e-03  -9.98261333e-01   1.10000000e+02   1.23000000e+02
   1.28000000e+02   3.00000000e+00   2.00000000e+01   3.00000000e+00]


# dataset 3:  10053   shape= (13, 12)
i_xyz  =  [ 7 30  1]
xyz_min  =  [-10.5   3.4  -0.1]
xyz_max  =  [-10.4   3.5   0. ]
valid_num  =  13
[[ -1.04440413e+01   3.41457129e+00  -1.45639535e-02  -3.36761959e-02
    2.03576684e-02   9.99225438e-01   1.07000000e+02   1.00000000e+02
    9.60000000e+01   4.00000000e+00   1.90000000e+01   4.00000000e+00]
 [ -1.04723139e+01   3.41948509e+00  -1.49741517e-02  -2.02429164e-02
    5.46368165e-03   9.99780178e-01   1.07000000e+02   1.02000000e+02
    9.70000000e+01   4.00000000e+00   1.90000000e+01   4.00000000e+00]]
[ -1.04317589e+01   3.49200559e+00  -1.32258143e-02  -7.14644091e-03
  -2.57150773e-02   9.99643743e-01   9.70000000e+01   9.40000000e+01
   8.80000000e+01   4.00000000e+00   1.90000000e+01   4.00000000e+00]


# dataset 4:  10075   shape= (7, 12)
i_xyz  =  [ 7 30 23]
xyz_min  =  [-10.5   3.4   2.1]
xyz_max  =  [-10.4   3.5   2.2]
valid_num  =  7
[[ -1.04644775e+01   3.48631477e+00   2.11142802e+00   5.66715375e-03
   -8.50981846e-03  -9.99947727e-01   1.07000000e+02   1.24000000e+02
    1.33000000e+02   3.00000000e+00   2.00000000e+01   3.00000000e+00]
 [ -1.04323740e+01   3.43546700e+00   2.11174369e+00  -2.87581445e-03
    1.01671671e-03  -9.99995351e-01   1.09000000e+02   1.25000000e+02
    1.32000000e+02   3.00000000e+00   2.00000000e+01   3.00000000e+00]]
[ -1.04932098e+01   3.42102575e+00   2.11148643e+00   5.44943381e-03
   1.82272412e-03  -9.99983490e-01   1.11000000e+02   1.29000000e+02
   1.38000000e+02   3.00000000e+00   2.00000000e+01   3.00000000e+00]


# dataset 5:  10081   shape= (10, 12)
# dataset 6:  10103   shape= (3, 12)
# dataset 7:  10109   shape= (11, 12)
# dataset 8:  10131   shape= (8, 12)
# dataset 9:  10137   shape= (12, 12)
10929 datasets totally
